
48.9803914627520 8.4043067420351 116.2626037597700 -0.0604930184782 -0.0004059764615 0.2350081503391

48.9803810525770 8.4043121938945 116.2508239746100 -0.1431615352631 -0.0007292059599 0.5535043478012

48.9803705888540 8.4043177559319 116.2378387451200 -0.1922613382339 -0.0010350602679 1.0928471088409

48.9803590214700 8.4043239776868 116.2291030883800 -0.2130353152752 -0.0009622729849 1.8945960998535

48.9803484410870 8.4043297555512 116.2248077392600 -0.2087641358376 -0.0003626979887 2.9538431167603

48.9803367293520 8.4043362570795 116.2175598144500 -0.1719324290752 0.0011131467763 4.1808590888977

48.9803260215580 8.4043422616898 116.2098007202100 -0.1203965991735 0.0033584260382 5.4792804718018

48.9803152781440 8.4043483950628 116.2031402587900 -0.0675511956215 0.0063342456706 6.8114643096924

48.9803045091170 8.4043546486057 116.2013626098600 -0.2307649552822 0.0472647026181 8.2023725509644

48.9802926503690 8.4043616666568 116.2018661499000 -0.1488910019398 0.0580643489957 9.5612430572510

48.9802818091170 8.4043681635599 116.2007675170900 -0.0865117460489 0.1138367727399 10.9917440414429

48.9802698648410 8.4043753794064 116.1976318359400 -0.0106799006462 0.1269773840904 12.3390665054321

48.9802589712990 8.4043820141414 116.1930847168000 0.0762881338596 0.1408686637878 13.6973171234131

48.9802480319870 8.4043887054491 116.1912612915000 0.1506144404411 0.1555018872023 15.0607538223267

48.9802359794800 8.4043961874432 116.1896286010700 0.2370441257954 0.1707693487406 16.4247817993164

48.9802249936740 8.4044030539506 116.1856994628900 0.3189969658852 0.1834779381752 17.7442817687988

48.9802140180080 8.4044099910032 116.1817703247100 0.4395621120930 0.1929903328419 19.1057472229004

48.9802019147390 8.4044176406788 116.1750564575200 0.5629292130470 0.2022392600775 20.4702224731445

48.9801909373960 8.4044246535559 116.1726150512700 0.6912781000137 0.2083099037409 21.8274040222168

48.9801799268720 8.4044317187761 116.1709136962900 0.8012527227402 0.2126392126083 23.2081069946289

48.9801678345670 8.4044395817717 116.1688919067400 0.9149274826050 0.2174310535192 24.6161022186279

48.9801568384760 8.4044468238570 116.1687545776400 1.0242502689362 0.2225874215364 26.0040779113770

48.9801458539360 8.4044541658936 116.1692047119100 1.1676679849625 0.2202092260122 27.4115333557129

48.9801337858920 8.4044623556972 116.0668411254900 1.2819085121155 0.2610077559948 28.7587165832520

48.9801228238530 8.4044698768956 116.0655517578100 1.4219484329224 0.2660626769066 30.1548118591309

48.9801119112930 8.4044774566312 116.0638656616200 1.5833723545074 0.2732351720333 31.5431213378906

48.9800999208190 8.4044858564753 116.0610656738300 1.7539024353027 0.2801835536957 32.9599037170410

48.9800890579970 8.4044935506327 116.0579910278300 1.9252651929855 0.3258604109287 34.2965393066406

48.9800782051750 8.4045013196640 116.0519943237300 2.1051669120789 0.3297920227051 35.6779975891113

48.9800663187050 8.4045099423781 116.0457611084000 2.2922096252441 0.3336344957352 37.0588378906250

48.9800555563090 8.4045178866603 116.0396347045900 2.4985604286194 0.3370038270950 38.4268989562988

48.9800448256140 8.4045259001371 116.0333557128900 2.6846184730530 0.3633084893227 39.7141647338867

48.9800330530100 8.4045347794284 116.0289306640600 2.8972907066345 0.3633473217487 41.0853881835938

48.9800223587280 8.4045428639347 116.0299606323200 3.0996758937836 0.3637917041779 42.4254341125488

48.9800116747220 8.4045509422001 116.0338897705100 3.3171725273132 0.3635793924332 43.7836799621582

48.9799999473660 8.4045598736687 116.0385437011700 3.4801640510559 0.4166828095913 45.1317481994629

48.9799893079230 8.4045680471326 116.0407257080100 3.6950838565826 0.4248198866844 46.4663314819336

48.9799787039940 8.4045762831916 116.0380096435500 3.9095842838287 0.4327001869678 47.8005447387695

48.9799670639630 8.4045854114270 116.0292434692400 4.1275525093079 0.4403021931648 49.1451530456543

48.9799564827100 8.4045937563461 116.0235824585000 4.3110909461975 0.4602877497673 50.5455894470215

48.9799459007720 8.4046021617075 116.0176239013700 4.5365996360779 0.4662193357944 51.8881721496582

48.9799342719040 8.4046114654361 116.0134353637700 4.7662239074707 0.4717836976051 53.2595367431641

48.9799236967090 8.4046200014014 116.0098571777300 4.9942345619202 0.4774405658245 54.6084060668945

48.9799130860100 8.4046285293912 116.0073089599600 5.2151441574097 0.5135710239410 55.9939956665039

48.9799013861260 8.4046379447279 116.0030746460000 5.4592008590698 0.5213634967804 57.3507499694824

48.9798907568010 8.4046465450121 116.0008239746100 5.6981935501099 0.5294193029404 58.7167892456055

48.9798800978680 8.4046551642033 116.0029067993200 5.9583148956299 0.5371543765068 60.0810050964355

48.9798683182700 8.4046646861669 116.0037078857400 6.1895089149475 0.5735670328140 61.4470520019531

48.9798575451370 8.4046733474205 116.0055160522500 6.4349989891052 0.5865610837936 62.8213653564453

48.9798466965730 8.4046820267146 116.0076446533200 6.6759352684021 0.5996325612068 64.1853942871094

48.9798346903990 8.4046916392059 116.0154113769500 6.9054751396179 0.6129744052887 65.5582122802734

48.9798237058040 8.4047004430298 116.0265731811500 7.1569938659668 0.6263524293900 66.9577026367188

48.9798116071700 8.4047101452473 116.0358200073200 7.3450422286987 0.6138806343079 68.4074401855469

48.9798006116500 8.4047189909572 116.0358505249000 7.5915336608887 0.6248117685318 69.8226928710938

48.9797896360800 8.4047278770137 116.0375823974600 7.8491263389587 0.6357437372208 71.2356262207031

48.9797786225970 8.4047367554632 116.0390090942400 8.0371780395508 0.6468651294708 72.6762695312500

48.9797664564780 8.4047465319877 116.0356903076200 8.2775220870972 0.6566182374954 74.0953521728516

48.9797553643480 8.4047553998644 116.0322494506800 8.5294113159180 0.6664674878120 75.5190963745117

48.9797442549310 8.4047642512582 116.0311431884800 8.8050365447998 0.6764639019966 76.9424972534180

48.9797320548400 8.4047740139754 116.0388793945300 9.0069484710693 0.6653990745544 78.3671646118164

48.9797209836120 8.4047828319642 116.0530471801800 9.2489042282104 0.6690602898598 79.7848052978516

48.9797098986210 8.4047916317109 116.0699462890600 9.4984941482544 0.6727128624916 81.2257080078125

48.9796976639580 8.4048012416575 116.0694885253900 9.7403278350830 0.6758352518082 82.6700973510742

48.9796865178360 8.4048098844659 116.0619583129900 9.8651371002197 0.7475926876068 84.0716094970703

48.9796753743890 8.4048184523066 116.0534133911100 10.0974149703979 0.7606989145279 85.4778747558594

48.9796631223690 8.4048278850333 116.0548553466800 10.3439311981201 0.7737407684326 86.8808135986328

48.9796519767870 8.4048365257712 116.0665283203100 10.5757570266724 0.7874124050140 88.2984848022461

48.9796408295670 8.4048451836646 116.0756759643600 10.7516870498657 0.7236564159393 89.7129440307617

48.9796285736770 8.4048546988869 116.0797424316400 10.9733839035034 0.7304830551147 91.1219635009766

48.9796174618290 8.4048634453840 116.0774765014600 11.2091169357300 0.7371788024902 92.5348281860352

48.9796063452010 8.4048721788229 116.0734786987300 11.4498052597046 0.7436972856522 93.9207992553711

48.9795940284700 8.4048818279548 116.0715560913100 11.6830511093140 0.7496377825737 95.3262329101562

48.9795827723790 8.4048906259451 116.0766677856400 11.8694028854370 0.7712970376015 96.8125457763672

48.9795715243200 8.4048993895330 116.0790634155300 12.1051797866821 0.7734239697456 98.2249984741211

48.9795591780960 8.4049090143341 116.0776748657200 12.3385829925537 0.7752993702888 99.6414108276367

48.9795479520120 8.4049178530231 116.0789489746100 12.5863733291626 0.7772623300552 101.0623168945312

48.9795367083460 8.4049268031981 116.0825347900400 12.8066701889038 0.7654586434364 102.5731964111328

48.9795243348770 8.4049367268108 116.0861892700200 13.0582580566406 0.7695704102516 104.0014495849609

48.9795130570750 8.4049456576453 116.0927124023400 13.3030633926392 0.7742935419083 105.4057235717773

48.9795017235490 8.4049546406574 116.1132125854500 13.5331878662109 0.7785744667053 106.8468627929688

48.9794892819070 8.4049645630042 116.1340637207000 13.7417945861816 0.7859007716179 108.3478546142578

48.9794779581670 8.4049736510363 116.1432876586900 13.9817199707031 0.7908664345741 109.7776184082031

48.9794666282860 8.4049827863018 116.1516342163100 14.2523012161255 0.7965521812439 111.2402801513672

48.9794541183570 8.4049928776953 116.1614990234400 14.5182151794434 0.8669409751892 112.7673797607422

48.9794426900040 8.4050020865988 116.1706390380900 14.7695102691650 0.8824065923691 114.2364730834961

48.9794312267750 8.4050112813329 116.1740722656200 15.0382499694824 0.8982583284378 115.7133789062500

48.9794185852830 8.4050214677785 116.1763839721700 15.2721414566040 0.9124306440353 117.2057647705078

48.9794070775290 8.4050307535117 116.1795425415000 15.4962673187256 0.8501803874969 118.7141265869141

48.9793955248160 8.4050401069860 116.1845779418900 15.7689819335938 0.8502714633942 120.2426223754883

48.9793828139080 8.4050503439561 116.1839904785200 16.0138568878174 0.8503880500793 121.7461013793945

48.9793712274750 8.4050596839887 116.1820983886700 16.2689533233643 0.8587894439697 123.2421264648438

48.9793595958670 8.4050690272500 116.1812896728500 16.5183830261230 0.8655167818069 124.7255172729492

48.9793467665450 8.4050792946523 116.1762924194300 16.7648048400879 0.8699860572815 126.2249603271484

48.9793350468780 8.4050886288154 116.1711502075200 17.0216712951660 0.8907085657120 127.6391830444336

48.9793232671760 8.4050979903537 116.1663436889600 17.2849483489990 0.8961727619171 129.1775665283203

48.9793102448780 8.4051083053151 116.1619949340800 17.5348415374756 0.8608463406563 130.6932067871094

48.9792983644130 8.4051176857072 116.1614456176800 17.7967529296875 0.8628886938095 132.2348175048828

48.9792864301400 8.4051270786921 116.1575851440400 18.0316524505615 0.8630559444427 133.7599487304688

48.9792732277050 8.4051374642900 116.1513824462900 18.2664527893066 0.8609733581543 135.3107757568359

48.9792611509850 8.4051468735521 116.1403808593800 18.5076160430908 0.8583450317383 136.8528900146484

48.9792478652810 8.4051572408338 116.1317214965800 18.7363357543945 0.8696011304855 138.3340911865234

48.9792357484370 8.4051666058609 116.1288375854500 19.0037860870361 0.8747044801712 139.8592376708984

48.9792236409770 8.4051760199604 116.1305847168000 19.2608928680420 0.8787386417389 141.3640747070312

48.9792103488540 8.4051864023576 116.1291961669900 19.5450763702393 0.8660074472427 142.8155822753906

48.9791982908590 8.4051959181268 116.1294097900400 19.7964038848877 0.8726947903633 144.3219604492188

48.9791862445070 8.4052054721854 116.1298828125000 20.0570487976074 0.8786417245865 145.8560943603516

48.9791741928180 8.4052150748604 116.1271896362300 20.3033866882324 0.8828892707825 147.3898162841797

48.9791609612780 8.4052256298665 116.1198348999000 20.5796508789062 0.8882299661636 148.9279022216797

48.9791489632210 8.4052352162750 116.1074829101600 20.8475799560547 0.8707572221756 150.5600738525391

48.9791370216320 8.4052447724748 116.1012115478500 21.1153297424316 0.8724020719528 152.0959320068359

48.9791239123750 8.4052553104485 116.0979232788100 21.3706550598145 0.8735497593880 153.5895080566406

48.9791120262840 8.4052648892702 116.0951004028300 21.6430168151855 0.8719528913498 155.0986785888672

48.9791001667860 8.4052745010125 116.0985717773400 21.9198532104492 0.8735468983650 156.5931549072266

48.9790871487770 8.4052850688354 116.1068344116200 22.1921463012695 0.8735781908035 158.1096649169922

48.9790753342930 8.4052946806041 116.1183547973600 22.4591846466064 0.8728765845299 159.6062469482422

48.9790635301490 8.4053042958592 116.1289443969700 22.7494430541992 0.8722639679909 161.1169128417969

48.9790505920290 8.4053147900954 116.1326522827100 23.0009956359863 0.8901636600494 162.7117004394531

48.9790388723610 8.4053243409148 116.1355590820300 23.2868347167969 0.8925609588623 164.2089385986328

48.9790272263980 8.4053339220963 116.1365585327100 23.5646400451660 0.8942467570305 165.7020416259766

48.9790144453510 8.4053445460535 116.1479187011700 23.8504352569580 0.8962866663933 167.1831817626953

48.9790028331960 8.4053542016325 116.1664505004900 24.1174201965332 0.8502269983292 168.7117462158203

48.9789912329690 8.4053637681851 116.1687469482400 24.3977527618408 0.8448045849800 170.2161407470703

48.9789784693030 8.4053742250475 116.1635894775400 24.6657257080078 0.8373392820358 171.7289886474609

48.9789668799040 8.4053836843849 116.1586074829100 24.9275932312012 0.8692561388016 173.2629852294922

48.9789553583420 8.4053932161640 116.1566009521500 25.2209320068359 0.8634155988693 174.7687530517578

48.9789426817710 8.4054037131224 116.1539688110400 25.4885387420654 0.8559538125992 176.2714538574219

48.9789311603130 8.4054133201083 116.1558227539100 25.7730770111084 0.8485931158066 177.7841796875000

48.9789196234060 8.4054228915810 116.1617126464800 26.0652542114258 0.8410284519196 179.3145751953125

48.9789069374050 8.4054334168664 116.1667556762700 26.2594337463379 0.8114227652550 180.7906494140625

48.9788954176520 8.4054429377436 116.1703796386700 26.5207920074463 0.8044780492783 182.2949218750000

48.9788839461450 8.4054524940109 116.1735382080100 26.7694988250732 0.7970129847527 183.7745819091797

48.9788713301230 8.4054629416475 116.1774902343800 27.0236320495605 0.7892228364944 185.2572631835938

48.9788598677720 8.4054723567094 116.1749954223600 27.3161048889160 0.8313380479813 186.5827178955078

48.9788472961750 8.4054827152640 116.1730728149400 27.5895519256592 0.8323398828506 188.0497894287109

48.9788359038310 8.4054921294623 116.1765365600600 27.8582401275635 0.8333032727242 189.5118713378906

48.9788245441160 8.4055015973778 116.1848144531200 28.1368618011475 0.8352311849594 190.9712677001953

48.9788120762320 8.4055120017568 116.1979675293000 28.4452877044678 0.8280261158943 192.4055175781250

48.9788008048660 8.4055215140902 116.2042770385700 28.7212448120117 0.8306769132614 193.8904724121094

48.9787895593550 8.4055309178009 116.2046661377000 28.9842014312744 0.8325110077858 195.3659820556641

48.9787783330710 8.4055402682329 116.1988220214800 29.2330760955811 0.8619170784950 196.8120880126953

48.9787659934340 8.4055505546500 116.1838073730500 29.4905796051025 0.8663296103477 198.2696380615234

48.9787548123500 8.4055598958274 116.1730651855500 29.7486267089844 0.8702176809311 199.7226257324219

48.9787436566370 8.4055693302036 116.1544036865200 30.0255146026611 0.8749973773956 201.1594238281250

48.9787314331930 8.4055796877801 116.1481857299800 30.3449249267578 0.8095394968987 202.5070953369141

48.9787203759070 8.4055892251255 116.1412048339800 30.6389427185059 0.8054785132408 203.9353942871094

48.9787093391090 8.4055987008127 116.1395645141600 30.9280757904053 0.8012239933014 205.3573303222656

48.9786972316490 8.4056091333839 116.1376647949200 31.2094993591309 0.7963479757309 206.7772979736328

48.9786862432360 8.4056185542789 116.1384658813500 31.4545688629150 0.8310400843620 208.1691284179688

48.9786752797490 8.4056279642158 116.1401672363300 31.7316188812256 0.8323544859886 209.5788269042969

48.9786632611290 8.4056383375510 116.1400146484400 32.0219001770020 0.8342178463936 210.9878387451172

48.9786523268880 8.4056477038650 116.1473388671900 32.3155136108398 0.8362085223198 212.3915557861328

48.9786413989350 8.4056570624447 116.1557540893600 32.6143722534180 0.8353839516640 213.8345184326172

48.9786293819370 8.4056672063762 116.1533584594700 32.8721199035645 0.8355774879456 215.2465515136719

48.9786184927860 8.4056764593192 116.1485137939500 33.1338424682617 0.8357964158058 216.6443939208984

48.9786076252320 8.4056857061635 116.1492004394500 33.3789825439453 0.8351106047630 218.0430450439453

48.9785956951460 8.4056959075648 116.1554260253900 33.6234970092773 0.7775822877884 219.4191741943359

48.9785848699380 8.4057051526854 116.1621932983400 33.8984031677246 0.7721030712128 220.8043670654297

48.9785740585300 8.4057143747643 116.1685562133800 34.1591987609863 0.7655951976776 222.1901550292969

48.9785621756240 8.4057245031980 116.1756210327100 34.4383049011230 0.7600905299187 223.5642852783203

48.9785513880180 8.4057336631417 116.1791000366200 34.6997528076172 0.7536218166351 224.9313964843750

48.9785406207740 8.4057428202479 116.1821975708000 35.0159912109375 0.7938848137856 226.3567047119141

48.9785287802070 8.4057528829512 116.1877670288100 35.2783699035645 0.7930265665054 227.7249298095703

48.9785180111320 8.4057620318812 116.1946105957000 35.5485992431641 0.7923384308815 229.0933532714844

48.9785061465220 8.4057720704086 116.2023162841800 35.8352203369141 0.7765346169472 230.5351104736328

48.9784953502230 8.4057811765869 116.2080764770500 36.1053428649902 0.7746218442917 231.9120483398438

48.9784845381100 8.4057902413639 116.2145462036100 36.3591079711914 0.7719224095345 233.2832641601562

48.9784726159210 8.4058002065830 116.2247238159200 36.6374549865723 0.7706824541092 234.6511993408203

48.9784617483630 8.4058092268133 116.2339019775400 36.8982238769531 0.7576838731766 236.1004028320312

48.9784508517720 8.4058182049066 116.2398223877000 37.1504173278809 0.7566518187523 237.4820251464844

48.9784388286880 8.4058280210330 116.2451934814500 37.4251213073730 0.7566667795181 238.8579711914062

48.9784278764540 8.4058369330836 116.2501678466800 37.7008743286133 0.7564377188683 240.2380371093750

48.9784168791080 8.4058459065408 116.2551040649400 37.9384956359863 0.7275520563126 241.6746673583984

48.9784047543210 8.4058557699709 116.2620468139600 38.1897468566895 0.7234416007996 243.0608825683594

48.9783936555150 8.4058646896988 116.2666091918900 38.4589118957520 0.7198346853256 244.4631500244141

48.9783825199950 8.4058735754364 116.2697067260700 38.7086715698242 0.7148181200027 245.8708496093750

48.9783702632010 8.4058833250965 116.2723999023400 38.8820838928223 0.7054815888405 247.3729248046875

48.9783590905660 8.4058921293889 116.2708511352500 39.1275558471680 0.7023479342461 248.7707824707031

48.9783478956530 8.4059008724717 116.2656173706100 39.3811874389648 0.6991166472435 250.1773834228516

48.9783355983840 8.4059104149906 116.2598724365200 39.6313552856445 0.6952695846558 251.5768127441406

48.9783244583940 8.4059190584596 116.2580261230500 39.8614349365234 0.6472361087799 253.0075225830078

48.9783132875700 8.4059276249164 116.2562484741200 40.0919685363770 0.6350014805794 254.3965759277344

48.9783010369590 8.4059370532721 116.2563018798800 40.3202056884766 0.6219484806061 255.7929840087891

48.9782898409090 8.4059455745678 116.2485427856400 40.5449066162109 0.6081053614616 257.1939086914062

48.9782786626890 8.4059541016321 116.2361373901400 40.7644233703613 0.5949630737305 258.5506896972656

48.9782664250730 8.4059634671718 116.2207565307600 40.9454803466797 0.5666327476501 260.0107421875000

48.9782553904650 8.4059719442004 116.2083435058600 41.1663665771484 0.5502715110779 261.4049072265625

48.9782443911700 8.4059803610907 116.1969070434600 41.3895530700684 0.5335943698883 262.7910766601562

48.9782323144880 8.4059895898961 116.1831436157200 41.6074104309082 0.5169871449471 264.1501770019531

48.9782213834710 8.4059979329544 116.1712417602500 41.8357315063477 0.4549167752266 265.6130371093750

48.9782104192790 8.4060062289079 116.1583862304700 42.0361709594727 0.4283455610275 266.9754333496094

48.9781984750570 8.4060152416503 116.1550903320300 42.2407569885254 0.4015589356422 268.3446655273438

48.9781876594050 8.4060233769084 116.1579437255900 42.4314765930176 0.3984948992729 269.7225952148438

48.9781769128870 8.4060313714263 116.1643676757800 42.6360244750977 0.3775297403336 271.0702819824219

48.9781651604050 8.4060399538163 116.1852035522500 42.8403816223145 0.3554896712303 272.4444580078125

48.9781544812200 8.4060477402229 116.2036361694300 43.0517234802246 0.3348346352577 273.7843322753906

48.9781438431100 8.4060554891715 116.2148666381800 43.2491569519043 0.3138197958469 275.1163024902344

48.9781321879280 8.4060639501905 116.2250823974600 43.4475822448730 0.3428214788437 276.4707031250000

48.9781215974760 8.4060716660320 116.2317733764600 43.6451759338379 0.3302705585957 277.7798461914062

48.9781110583610 8.4060792707349 116.2450637817400 43.8416557312012 0.3170751333237 279.1056213378906

48.9780994291040 8.4060877169631 116.2482528686500 44.0396003723145 0.2969333529472 280.4926147460938

48.9780888965430 8.4060952900836 116.2480316162100 44.2395019531250 0.2841629981995 281.8063354492188

48.9780783406300 8.4061029160025 116.2450103759800 44.4374809265137 0.2717495560646 283.0924682617188

48.9780667284910 8.4061112636493 116.2424392700200 44.6152839660645 0.2570065855980 284.4165649414062

48.9780561350070 8.4061188388942 116.2421417236300 44.7582817077637 0.2198486924171 285.7989807128906

48.9780455124600 8.4061263736923 116.2438354492200 44.9335823059082 0.2034864425659 287.1020202636719

48.9780338137500 8.4061346243610 116.2458343505900 45.1049652099609 0.1862172782421 288.4316711425781

48.9780231445580 8.4061421439223 116.2490539550800 45.2697257995605 0.1686730980873 289.7687683105469

48.9780113874340 8.4061503897710 116.2528152465800 45.4427833557129 0.1519054174423 291.1024475097656

48.9780006661340 8.4061578826747 116.2558441162100 45.6112136840820 0.1365047544241 292.5820312500000

48.9779899223690 8.4061653530472 116.2571640014600 45.7674217224121 0.1242770403624 293.8792724609375

48.9779780500400 8.4061735510069 116.2586288452100 45.9250717163086 0.1116800680757 295.1916198730469

48.9779672352840 8.4061809153030 116.2558212280300 46.0762672424316 0.0982455313206 296.5312805175781

48.9779564669350 8.4061882700157 116.2624359130900 46.1967468261719 0.0736380219460 297.9101257324219

48.9779446163240 8.4061962830424 116.2764511108400 46.3561897277832 0.0602335557342 299.2608032226562

48.9779337996540 8.4062035061747 116.2905731201200 46.5110626220703 0.0465602502227 300.6125488281250

48.9779229307540 8.4062106901941 116.3017349243200 46.6537017822266 0.0320307761431 301.9812622070312

48.9779109704080 8.4062184770137 116.3143386840800 46.7888679504395 -0.0045634508133 303.4812011718750

48.9779000651370 8.4062254786788 116.3145599365200 46.9110641479492 -0.0204186812043 304.8318481445312

48.9778891923520 8.4062323923551 116.3111648559600 47.0310363769531 -0.0370844081044 306.2055358886719

48.9778772351800 8.4062399480545 116.3061904907200 47.1227340698242 -0.0644212365150 307.5419006347656

48.9778664143300 8.4062467187964 116.2940444946300 47.2382164001465 -0.0811280980706 308.8778686523438

48.9778555796610 8.4062534958805 116.2882690429700 47.3396873474121 -0.0980262905359 310.2020874023438

48.9778436380180 8.4062609196697 116.2794570922900 47.4341773986816 -0.1140803769231 311.4852905273438

48.9778327300200 8.4062676449102 116.2726211547900 47.5305099487305 -0.1308168470860 312.7914123535156

48.9778217899780 8.4062743512580 116.2711181640600 47.6012840270996 -0.1471941173077 314.0654602050781

48.9778097145140 8.4062816829513 116.2717666626000 47.6967048645020 -0.1630588769913 315.3540039062500

48.9777987086240 8.4062883122527 116.2757492065400 47.7765769958496 -0.1793749332428 316.6366577148438

48.9777876798870 8.4062948529039 116.2810668945300 47.9084091186523 -0.1925263553858 318.0734863281250

48.9777755096900 8.4063020098004 116.2916259765600 47.9779739379883 -0.2079524099827 319.3636474609375

48.9777644071290 8.4063084531936 116.3012084960900 48.0536918640137 -0.2234239429235 320.6685180664062

48.9777532893050 8.4063148812001 116.3121643066400 48.1233444213867 -0.2390621006489 321.9731140136719

48.9777410557430 8.4063218272296 116.3268051147500 48.2117767333984 -0.2627385854721 323.5175781250000

48.9777298757750 8.4063280840209 116.3406066894500 48.2608337402344 -0.2775205671787 324.8223571777344

48.9777186514430 8.4063342888627 116.3516159057600 48.3208923339844 -0.2915205061436 326.1048889160156

48.9777062673210 8.4063410180688 116.3681411743200 48.3741226196289 -0.3053519427776 327.3713989257812

48.9776949573630 8.4063471294416 116.3799743652300 48.4466094970703 -0.3457722365856 328.8740844726562

48.9776836307440 8.4063531480645 116.3940429687500 48.4825210571289 -0.3637279272079 330.1419982910156

48.9776710928390 8.4063598003978 116.4025039672900 48.5041694641113 -0.3826082050800 331.4296264648438

48.9776596577490 8.4063657806210 116.4126586914100 48.5292816162109 -0.4013527929783 332.7182922363281

48.9776481754130 8.4063717557579 116.4209060668900 48.5518455505371 -0.4196487665176 333.9886169433594

48.9776355201840 8.4063782448318 116.4353103637700 48.6087799072266 -0.4702056646347 335.6393737792969

48.9776239833000 8.4063841148792 116.4448394775400 48.6111145019531 -0.4913246631622 336.9124450683594

48.9776124010630 8.4063899548482 116.4542388916000 48.6083259582520 -0.5124830007553 338.1712951660156

48.9776001637760 8.4063960278870 116.4616050720200 48.6558036804199 -0.5571185350418 339.8725891113281

48.9775879264890 8.4064021009259 116.4689712524400 48.6777725219727 -0.5802994370461 341.1760559082031

48.9775762330560 8.4064077906916 116.4728851318400 48.6855430603027 -0.6051787137985 342.5189819335938

48.9775633298370 8.4064140066409 116.4832153320300 48.6851425170898 -0.6317691802979 343.9073791503906

48.9775515899980 8.4064196117710 116.4994201660200 48.6866531372070 -0.6581758260727 345.2884521484375

48.9775397796890 8.4064252245878 116.5052871704100 48.7338752746582 -0.7192702889442 347.2991638183594

48.9775267321660 8.4064313935035 116.5020065307600 48.7313003540039 -0.7484309673309 348.6992492675781

48.9775148220510 8.4064369786104 116.4954833984400 48.7262992858887 -0.7777917385101 350.1062011718750

48.9775028707300 8.4064425216290 116.4905471801800 48.7148666381836 -0.8072189688683 351.5099182128906

48.9774897110410 8.4064485422524 116.4919128418000 48.6691703796387 -0.8417646288872 353.1257324218750

48.9774777460890 8.4064539598582 116.5000915527300 48.6383895874023 -0.8709151744843 354.5508728027344

48.9774656965910 8.4064594178577 116.4929275512700 48.6050262451172 -0.8996819257736 355.9661560058594

48.9774523954270 8.4064653763089 116.4921493530300 48.5688056945801 -0.9282239675522 357.3830871582031

48.9774402544020 8.4064707719916 116.4863586425800 48.5266571044922 -0.9590208530426 358.9082641601562

48.9774280686490 8.4064761319026 116.4810638427700 48.4887008666992 -0.9859233498573 360.3173522949219

48.9774146556230 8.4064819550699 116.4765014648400 48.4591178894043 -1.0123667716980 361.7382812500000

48.9774024256500 8.4064872186793 116.4748687744100 48.4188461303711 -1.0390269756317 363.1679077148438

48.9773901619500 8.4064924519252 116.4752273559600 48.3671455383301 -1.0698689222336 364.7664794921875

48.9773766277770 8.4064981642984 116.4751205444300 48.3184890747070 -1.0965037345886 366.1879882812500

48.9773642891180 8.4065033109423 116.4751586914100 48.2621307373047 -1.1229116916656 367.6078491210938

48.9773519276200 8.4065084186102 116.4743423461900 48.2088623046875 -1.1482745409012 368.9977416992188

48.9773383057310 8.4065139792733 116.4753417968800 48.1283454895020 -1.1875809431076 370.5781555175781

48.9773259195760 8.4065189878118 116.4791717529300 48.0718269348145 -1.2146358489990 371.9794311523438

48.9773134986340 8.4065239536381 116.4848175048800 48.0047111511230 -1.2416437864304 373.3835144042969

48.9772998142110 8.4065293764769 116.4904479980500 47.9351272583008 -1.2684009075165 374.7895507812500

48.9772873562910 8.4065342624389 116.4980163574200 47.8304595947266 -1.3114949464798 376.4273986816406

48.9772748798180 8.4065391185970 116.5047454834000 47.7547264099121 -1.3395202159882 377.8577880859375

48.9772623853390 8.4065439463639 116.5128555297900 47.6730346679688 -1.3679790496826 379.3070373535156

48.9772486091000 8.4065492224140 116.5200347900400 47.5889091491699 -1.3960597515106 380.7615966796875

48.9772360781200 8.4065539808182 116.5172882080100 47.4571876525879 -1.4465110301971 382.5037536621094

48.9772235370360 8.4065586765501 116.5180664062500 47.3649635314941 -1.4754482507706 383.9176025390625

48.9772097420520 8.4065637843262 116.4996871948200 47.2677612304688 -1.5048787593842 385.3560485839844

48.9771972141080 8.4065683391693 116.4909286499000 47.1458854675293 -1.5481288433075 386.9430847167969

48.9771846793630 8.4065728675649 116.4915313720700 47.0510368347168 -1.5791846513748 388.3767395019531

48.9771709017020 8.4065778020697 116.4897918701200 46.9446830749512 -1.6101708412170 389.8026733398438

48.9771583753910 8.4065822360049 116.4889221191400 46.8481369018555 -1.6409001350403 391.2319946289062

48.9771458788700 8.4065866249339 116.4892425537100 46.6895408630371 -1.7035651206970 392.8497314453125

48.9771321373440 8.4065913910088 116.4859390258800 46.5826148986816 -1.7411791086197 394.2892761230469

48.9771196641400 8.4065956607254 116.4844894409200 46.4656181335449 -1.7782719135284 395.7189025878906

48.9771071849270 8.4065998666582 116.4884872436500 46.3471069335938 -1.8154039382935 397.1559448242188

48.9770934594040 8.4066044350103 116.4835357666000 46.1736869812012 -1.8507515192032 398.7994689941406

48.9770810031960 8.4066085257751 116.4824905395500 46.0470695495605 -1.8870460987091 400.2346496582031

48.9770685503100 8.4066125648345 116.4858245849600 45.9157676696777 -1.9240992069244 401.6984252929688

48.9770548744720 8.4066169384701 116.4879989624000 45.7710647583008 -1.9601051807404 403.1296997070312

48.9770424560960 8.4066208663302 116.4909515380900 45.5893058776855 -1.9964351654053 404.6320190429688

48.9770288127460 8.4066250959778 116.4949111938500 45.4371299743652 -2.0266873836517 406.0886535644531

48.9770151693960 8.4066293256253 116.4988708496100 45.2766914367676 -2.0571255683899 407.5484924316406

48.9770040278540 8.4066326941326 116.5014572143600 45.0943527221680 -2.0982403755188 408.9899291992188

48.9769916506580 8.4066363604249 116.5044708252000 44.9219131469727 -2.1312737464905 410.4363403320312
